8795
5950
7194
4122
3858
5484
3015
5394
6854
6543
6449
4642
5694
2529
7343
6316
6401
8364
5678
4590
5791
5518
5466
8580
5309
8005
10714
2886
7102
6756
8031
8885
6509
6695
8018
10466
4380
8747
4367
6318
8891
9876
5279
6284
6190
4633
5355
3912
4509
9743
9207
8356
5319
8611
7199
6080
7043
10137
9191
5631
9468
8504
9547
7143
8793
3765
8148
4067
5697
5249
6419
5057
7767
6139
6809
5773
8422
6649
6395
6481
8936
5497
6084
4800
4140
5315
6999
4333
6111
5736
5457
5631
6627
6443
10927
6782
4346
4008
7075
9225
6414
7637
6381
5966
3957
8476
7833
3869
4697
8316
7237
2260
8036
6487
4351
7820
8177
6254
7089
6654
6927
3539
6137
9162
6123
4157
6481
8698
6156
3842
7458
7098
8101
4617
8002
8025
5308
2771
8681
8065
7851
7913
4712
9884
8098
9305
6861
7292
9341
4931
8408
6725
6498
7532
5659
4552
5521
9234
7910
3939
5997
5354
7662
4826
2392
5445
5201
4576
5605
6927
7024
7714
6157
6421
7950
7462
4280
4230
8580
4843
8444
6880
5260
3090
7932
3352
9025
5921
2397
6599
7239
10467
8354
6304
7896
8527
5243
6826
9950
2856
6030
7896
6650
7925
5667
5833
7100
9414
9510
8252
9895
5847
7027
5090
4890
9027
13407
8029
7961
7396
7368
7168
6929
6481
8189
6538
6026
7064
7665
3611
6288
3084
7792
7454
5413
7120
5524
7885
7661
6470
9178
6158
6997
8651
4367
6596
7381
6991
4833
4874
6072
7502
5465
6749
6757
3467
7497
7345
6144
9131
6076
7398
6688
6074
8402
4852
5888
8838
5525
5094
3908
6573
5152
3233
5351
8183
4906
7661
7232
6199
6635
9433
5953
6766
6383
6777
5800
7691
5123
3699
7797
6266
8579
5925
7834
4894
6216
4393
5033
6914
17885
2564
5138
10164
7889
8699
5821
5595
3981
5208
6079
4231
7945
6444
5788
6941
3419
6963
7080
7366
7000
3215
8234
5282
5496
7083
7912
9919
5549
4142
6783
3998
3588
4965
4572
4441
7097
7605
3074
8003
4244
3438
6733
8433
8123
7029
5920
9649
3561
8130
6564
5486
5368
3912
7210
3131
3888
4469
6402
7418
8480
5103
5622
6102
6954
7262
3869
9996
9504
7240
4414
8973
3683
5392
6920
2758
6442
6732
5738
8029
10213
10219
5747
5599
6004
5413
6637
6039
4902
8233
4498
5603
5822
5904
2727
6027
6799
2111
7107
3750
7273
9823
6709
3589
8936
7268
7621
7906
4529
6916
4970
3901
6410
6288
8232
8250
5707
7443
5889
6868
5384
6021
8467
5194
5472
5245
7543
3586
7795
4250
8509
7805
3260
4403
17885
7899
6371
8097
7568
6467
7809
3632
7238
7426
3507
9138
8308
5708
8063
7417
5291
6446
7023
4751
8647
7302
4760
8743
7842
5804
10254
7945
3069
6672
9609
5393
6695
6885
7548
7313
6494
5094
5492
7474
7218
5309
8444
6551
8968
12473
9327
5230
4588
7548
8298
4126
8662
6894
4309
4935
6184
6881
6249
6172
4963
6131
6469
5417
5574
6836
7125
4754
7848
6218
7642
7751
8534
4890
4469
4764
5745
6622
7367
2844
8365
5868
3875
7015
6035
2913
5336
9203
8542
7761
7155
8091
6862
6792
4006
7773
4387
4424
3511
3410
8642
7557
5040
3510
3957
6619
5249
7725
5735
6915
3277
9513
5330
4634
6560
7793
5373
6361
4426
7452
7855
7861
3963
7186
5660
9359
10011
7067
6346
8448
4943
4880
5770
7678
5786
7541
5998
6573
6924
5206
6144
5516
5114
8708
4221
4892
7607
5738
8984
5225
7947
5548
9368
8556
7946
4515
3398
4214
6005
6030
4704
7422
7330
3626
7324
7264
3213
7108
6856
3260
6442
6554
5982
6381
7053
2993
6232
4718
10414
7502
6466
4728
2362
6448
2576
6697
6922
7209
6123
5855
4683
5150
9801
7859
7075
2142
3872
4426
8016
7317
4711
8149
7046
6073
7372
3913
7737
7627
7333
4723
6019
9020
5510
4499
8759
8587
5957
6665
5458
7689
7219
3070
6832
4818
9349
5272
8497
7879
6212
7163
7428
7661
7966
5596
8464
4378
7049
6679
5762
8153
4819
6495
3580
5906
5113
2885
8412
8300
7247
7437
2631
4743
4878
6034
5478
7116
6335
4139
6716
6106
5743
6880
9010
6885
3766
6109
9026
6857
7501
3014
8132
9431
5155
6564
9084
7450
5973
7988
7219
8144
3239
8155
9456
4475
4178
6904
5422
6926
7114
3604
3658
7524
4109
7529
8547
6259
6149
5997
7060
6305
7164
3773
4537
7064
8447
7291
4269
3611
6716
4550
6986
7759
6711
7180
5329
6553
11676
7576
6123
8296
11557
8519
6181
7967
7956
7020
5853
5746
4138
10171
5573
9446
4593
8180
5002
6595
7774
3417
3653
6642
8281
