8.795
5.950
7.194
4.122
3.858
5.484
3.015
5.394
6.854
6.543
6.449
4.642
5.694
2.529
7.343
6.316
6.401
8.364
5.678
4.590
5.791
5.518
5.466
8.580
5.309
8.005
10.714
2.886
7.102
6.756
8.031
8.885
6.509
6.695
8.018
10.466
4.380
8.747
4.367
6.318
8.891
9.876
5.279
6.284
6.190
4.633
5.355
3.912
4.509
9.743
9.207
8.356
5.319
8.611
7.199
6.080
7.043
10.137
9.191
5.631
9.468
8.504
9.547
7.143
8.793
3.765
8.148
4.067
5.697
5.249
6.419
5.057
7.767
6.139
6.809
5.773
8.422
6.649
6.395
6.481
8.936
5.497
6.084
4.800
4.140
5.315
6.999
4.333
6.111
5.736
5.457
5.631
6.627
6.443
10.927
6.782
4.346
4.008
7.075
9.225
6.414
7.637
6.381
5.966
3.957
8.476
7.833
3.869
4.697
8.316
7.237
2.260
8.036
6.487
4.351
7.820
8.177
6.254
7.089
6.654
6.927
3.539
6.137
9.162
6.123
4.157
6.481
8.698
6.156
3.842
7.458
7.098
8.101
4.617
8.002
8.025
5.308
2.771
8.681
8.065
7.851
7.913
4.712
9.884
8.098
9.305
6.861
7.292
9.341
4.931
8.408
6.725
6.498
7.532
5.659
4.552
5.521
9.234
7.910
3.939
5.997
5.354
7.662
4.826
2.392
5.445
5.201
4.576
5.605
6.927
7.024
7.714
6.157
6.421
7.950
7.462
4.280
4.230
8.580
4.843
8.444
6.880
5.260
3.090
7.932
3.352
9.025
5.921
2.397
6.599
7.239
10.467
8.354
6.304
7.896
8.527
5.243
6.826
9.950
2.856
6.030
7.896
6.650
7.925
5.667
5.833
7.100
9.414
9.510
8.252
9.895
5.847
7.027
5.090
4.890
9.027
13.407
8.029
7.961
7.396
7.368
7.168
6.929
6.481
8.189
6.538
6.026
7.064
7.665
3.611
6.288
3.084
7.792
7.454
5.413
7.120
5.524
7.885
7.661
6.470
9.178
6.158
6.997
8.651
4.367
6.596
7.381
6.991
4.833
4.874
6.072
7.502
5.465
6.749
6.757
3.467
7.497
7.345
6.144
9.131
6.076
7.398
6.688
6.074
8.402
4.852
5.888
8.838
5.525
5.094
3.908
6.573
5.152
3.233
5.351
8.183
4.906
7.661
7.232
6.199
6.635
9.433
5.953
6.766
6.383
6.777
5.800
7.691
5.123
3.699
7.797
6.266
8.579
5.925
7.834
4.894
6.216
4.393
5.033
6.914
17.885
2.564
5.138
10.164
7.889
8.699
5.821
5.595
3.981
5.208
6.079
4.231
7.945
6.444
5.788
6.941
3.419
6.963
7.080
7.366
7.000
3.215
8.234
5.282
5.496
7.083
7.912
9.919
5.549
4.142
6.783
3.998
3.588
4.965
4.572
4.441
7.097
7.605
3.074
8.003
4.244
3.438
6.733
8.433
8.123
7.029
5.920
9.649
3.561
8.130
6.564
5.486
5.368
3.912
7.210
3.131
3.888
4.469
6.402
7.418
8.480
5.103
5.622
6.102
6.954
7.262
3.869
9.996
9.504
7.240
4.414
8.973
3.683
5.392
6.920
2.758
6.442
6.732
5.738
8.029
10.213
10.219
5.747
5.599
6.004
5.413
6.637
6.039
4.902
8.233
4.498
5.603
5.822
5.904
2.727
6.027
6.799
2.111
7.107
3.750
7.273
9.823
6.709
3.589
8.936
7.268
7.621
7.906
4.529
6.916
4.970
3.901
6.410
6.288
8.232
8.250
5.707
7.443
5.889
6.868
5.384
6.021
8.467
5.194
5.472
5.245
7.543
3.586
7.795
4.250
8.509
7.805
3.260
4.403
17.885
7.899
6.371
8.097
7.568
6.467
7.809
3.632
7.238
7.426
3.507
9.138
8.308
5.708
8.063
7.417
5.291
6.446
7.023
4.751
8.647
7.302
4.760
8.743
7.842
5.804
10.254
7.945
3.069
6.672
9.609
5.393
6.695
6.885
7.548
7.313
6.494
5.094
5.492
7.474
7.218
5.309
8.444
6.551
8.968
12.473
9.327
5.230
4.588
7.548
8.298
4.126
8.662
6.894
4.309
4.935
6.184
6.881
6.249
6.172
4.963
6.131
6.469
5.417
5.574
6.836
7.125
4.754
7.848
6.218
7.642
7.751
8.534
4.890
4.469
4.764
5.745
6.622
7.367
2.844
8.365
5.868
3.875
7.015
6.035
2.913
5.336
9.203
8.542
7.761
7.155
8.091
6.862
6.792
4.006
7.773
4.387
4.424
3.511
3.410
8.642
7.557
5.040
3.510
3.957
6.619
5.249
7.725
5.735
6.915
3.277
9.513
5.330
4.634
6.560
7.793
5.373
6.361
4.426
7.452
7.855
7.861
3.963
7.186
5.660
9.359
10.011
7.067
6.346
8.448
4.943
4.880
5.770
7.678
5.786
7.541
5.998
6.573
6.924
5.206
6.144
5.516
5.114
8.708
4.221
4.892
7.607
5.738
8.984
5.225
7.947
5.548
9.368
8.556
7.946
4.515
3.398
4.214
6.005
6.030
4.704
7.422
7.330
3.626
7.324
7.264
3.213
7.108
6.856
3.260
6.442
6.554
5.982
6.381
7.053
2.993
6.232
4.718
10.414
7.502
6.466
4.728
2.362
6.448
2.576
6.697
6.922
7.209
6.123
5.855
4.683
5.150
9.801
7.859
7.075
2.142
3.872
4.426
8.016
7.317
4.711
8.149
7.046
6.073
7.372
3.913
7.737
7.627
7.333
4.723
6.019
9.020
5.510
4.499
8.759
8.587
5.957
6.665
5.458
7.689
7.219
3.070
6.832
4.818
9.349
5.272
8.497
7.879
6.212
7.163
7.428
7.661
7.966
5.596
8.464
4.378
7.049
6.679
5.762
8.153
4.819
6.495
3.580
5.906
5.113
2.885
8.412
8.300
7.247
7.437
2.631
4.743
4.878
6.034
5.478
7.116
6.335
4.139
6.716
6.106
5.743
6.880
9.010
6.885
3.766
6.109
9.026
6.857
7.501
3.014
8.132
9.431
5.155
6.564
9.084
7.450
5.973
7.988
7.219
8.144
3.239
8.155
9.456
4.475
4.178
6.904
5.422
6.926
7.114
3.604
3.658
7.524
4.109
7.529
8.547
6.259
6.149
5.997
7.060
6.305
7.164
3.773
4.537
7.064
8.447
7.291
4.269
3.611
6.716
4.550
6.986
7.759
6.711
7.180
5.329
6.553
11.676
7.576
6.123
8.296
11.557
8.519
6.181
7.967
7.956
7.020
5.853
5.746
4.138
10.171
5.573
9.446
4.593
8.180
5.002
6.595
7.774
3.417
3.653
6.642
8.281
